-0.79    -0.67    -0.51    -0.32    -0.12    0.09    0.30    0.51    0.69    0.84    0.96    1.03    1.06    1.04    0.98    0.87    0.72    0.55    0.35
-0.92    -0.91    -0.84    -0.74    -0.59    -0.42    -0.22    -0.01    0.21    0.42    0.62    0.78    0.92    1.01    1.06    1.06    1.01    0.92    0.78
-0.80    -0.89    -0.94    -0.94    -0.90    -0.81    -0.67    -0.51    -0.31    -0.10    0.12    0.34    0.55    0.73    0.87    0.98    1.04    1.06    1.03
-0.44    -0.62    -0.77    -0.89    -0.95    -0.97    -0.94    -0.86    -0.74    -0.58    -0.39    -0.18    0.04    0.26    0.47    0.66    0.82    0.95    1.03
0.05    -0.18    -0.39    -0.59    -0.75    -0.88    -0.96    -0.99    -0.97    -0.91    -0.80    -0.64    -0.46    -0.26    -0.04    0.18    0.40    0.60    0.77
0.54    0.33    0.10    -0.12    -0.34    -0.54    -0.71    -0.85    -0.94    -0.99    -0.99    -0.93    -0.84    -0.70    -0.53    -0.33    -0.11    0.11    0.33
0.90    0.76    0.58    0.38    0.16    -0.06    -0.28    -0.49    -0.66    -0.81    -0.91    -0.97    -0.98    -0.95    -0.87    -0.74    -0.59    -0.40    -0.19
1.05    1.00    0.92    0.79    0.63    0.44    0.23    0.01    -0.21    -0.41    -0.59    -0.75    -0.87    -0.94    -0.97    -0.95    -0.89    -0.78    -0.63
0.92    0.99    1.02    0.99    0.93    0.82    0.67    0.50    0.30    0.10    -0.12    -0.32    -0.51    -0.68    -0.81    -0.90    -0.95    -0.95    -0.90
0.57    0.73    0.86    0.94    0.99    0.99    0.94    0.86    0.73    0.57    0.39    0.19    -0.02    -0.23    -0.42    -0.60    -0.74    -0.85    -0.91
0.08    0.28    0.48    0.65    0.79    0.89    0.96    0.99    0.97    0.90    0.79    0.65    0.48    0.28    0.08    -0.13    -0.33    -0.51    -0.67
-0.42    -0.23    -0.02    0.18    0.38    0.57    0.73    0.85    0.94    0.99    0.99    0.94    0.85    0.73    0.57    0.38    0.18    -0.03    -0.23
-0.80    -0.67    -0.51    -0.32    -0.12    0.09    0.30    0.50    0.67    0.82    0.92    0.99    1.01    0.99    0.92    0.81    0.66    0.48    0.28
-0.95    -0.92    -0.85    -0.74    -0.59    -0.41    -0.21    0.01    0.22    0.43    0.62    0.78    0.91    0.99    1.03    1.03    0.98    0.88    0.74
-0.84    -0.92    -0.96    -0.95    -0.90    -0.79    -0.65    -0.48    -0.28    -0.07    0.15    0.37    0.57    0.74    0.89    0.99    1.05    1.06    1.03
-0.49    -0.67    -0.81    -0.91    -0.96    -0.97    -0.92    -0.84    -0.71    -0.54    -0.35    -0.13    0.09    0.31    0.52    0.71    0.86    0.98    1.06
-0.00    -0.22    -0.43    -0.61    -0.76    -0.87    -0.94    -0.97    -0.94    -0.87    -0.75    -0.59    -0.40    -0.19    0.03    0.25    0.47    0.66    0.83
0.51    0.30    0.08    -0.14    -0.35    -0.54    -0.71    -0.83    -0.92    -0.95    -0.94    -0.89    -0.78    -0.64    -0.46    -0.25    -0.03    0.19    0.41
0.90    0.76    0.58    0.38    0.16    -0.06    -0.27    -0.47    -0.64    -0.78    -0.88    -0.93    -0.94    -0.89    -0.80    -0.67    -0.51    -0.31    -0.10
